1  -501
2  -502
3  -500
4  -499
5  -503
6  -501
7  -503
8  -500
9  -498
10  -496
11  -498
12  -498
13  -494
14  -504
15  -489
16  -494
17  -494
18  -468
19  -468
20  -464
21  -449
22  -472
23  -468
24  -460
25  -455
26  -444
27  -452
28  -441
29  -439
30  -432
31  -424
32  -421
33  -436
34  -414
35  -418
36  -418
37  -398
38  -405
39  -398
40  -397
41  -365
42  -386
43  -377
44  -371
45  -363
46  -360
47  -358
48  -358
49  -329
50  -347
51  -352
52  -326
53  -332
54  -334
55  -326
56  -324
57  -320
58  -314
59  -307
60  -303
61  -294
62  -290
63  -288
64  -281
65  -273
66  -268
67  -262
68  -243
69  -247
70  -240
71  -236
72  -233
73  -223
74  -216
75  -206
76  -201
77  -200
78  -190
79  -186
80  -176
81  -172
82  -162
83  -158
84  -148
85  -142
86  -137
87  -129
88  -42
89  0
90  0
91  0
92  0
93  0
94  0
95  0
96  0
97  48
98  117
99  133
100  139
101  147
102  154
103  160
104  168
105  173
106  183
107  186
108  194
109  201
110  209
111  216
112  222
113  230
114  236
115  243
116  249
117  254
118  259
119  264
120  263
121  272
122  278
123  286
124  287
125  292
126  299
127  306
128  312
129  315
130  323
131  330
132  330
133  338
134  344
135  348
136  352
137  362
138  366
139  369
140  380
141  384
142  388
143  394
144  403
145  409
146  414
147  422
148  428
149  438
150  440
151  444
152  454
153  457
154  462
155  473
156  479
157  488
158  492
159  494
160  508
161  506
162  522
163  522
164  528
165  536
166  536
167  544
168  548
169  550
170  558
171  558
172  557
173  562
174  564
175  560
176  561
177  565
178  558
179  563