1  -535
2  -533
3  -531
4  -531
5  -530
6  -530
7  -530
8  -524
9  -523
10  -524
11  -524
12  -524
13  -520
14  -520
15  -514
16  -510
17  -503
18  -502
19  -495
20  -491
21  -488
22  -480
23  -475
24  -471
25  -464
26  -458
27  -453
28  -449
29  -443
30  -438
31  -434
32  -427
33  -421
34  -414
35  -410
36  -402
37  -398
38  -392
39  -386
40  -380
41  -373
42  -369
43  -363
44  -358
45  -350
46  -346
47  -340
48  -334
49  -326
50  -321
51  -316
52  -310
53  -304
54  -299
55  -294
56  -287
57  -282
58  -278
59  -273
60  -269
61  -263
62  -261
63  -261
64  -256
65  -253
66  -247
67  -243
68  -240
69  -239
70  -234
71  -229
72  -227
73  -219
74  -213
75  -206
76  -198
77  -190
78  -184
79  -179
80  -171
81  -165
82  -157
83  -150
84  -144
85  -136
86  -132
87  -46
88  0
89  0
90  0
91  0
92  0
93  0
94  0
95  0
96  0
97  103
98  128
99  134
100  143
101  149
102  158
103  163
104  171
105  175
106  182
107  188
108  198
109  204
110  212
111  216
112  224
113  232
114  237
115  246
116  253
117  258
118  265
119  272
120  279
121  283
122  292
123  300
124  307
125  311
126  314
127  305
128  306
129  310
130  316
131  320
132  326
133  333
134  338
135  344
136  348
137  352
138  359
139  364
140  370
141  375
142  382
143  387
144  394
145  401
146  403
147  410
148  416
149  424
150  426
151  433
152  439
153  439
154  446
155  452
156  456
157  460
158  465
159  470
160  478
161  483
162  493
163  500
164  504
165  506
166  511
167  520
168  522
169  526
170  528
171  532
172  535
173  534
174  532
175  531
176  534
177  534
178  535
179  533
