1  -581
2  -582
3  -582
4  -583
5  -581
6  -583
7  -582
8  -582
9  -582
10  -581
11  -582
12  -580
13  -581
14  -580
15  -578
16  -577
17  -575
18  -572
19  -570
20  -566
21  -565
22  -559
23  -556
24  -549
25  -545
26  -538
27  -534
28  -528
29  -521
30  -518
31  -510
32  -508
33  -498
34  -492
35  -488
36  -477
37  -473
38  -466
39  -460
40  -454
41  -446
42  -441
43  -434
44  -428
45  -421
46  -415
47  -407
48  -401
49  -394
50  -386
51  -380
52  -372
53  -366
54  -359
55  -353
56  -345
57  -338
58  -331
59  -325
60  -319
61  -311
62  -306
63  -297
64  -291
65  -283
66  -277
67  -272
68  -262
69  -256
70  -248
71  -242
72  -236
73  -229
74  -221
75  -214
76  -209
77  -201
78  -194
79  -188
80  -180
81  -170
82  -168
83  -159
84  -155
85  -146
86  -141
87  -69
88  0
89  0
90  0
91  0
92  0
93  0
94  0
95  0
96  0
97  102
98  134
99  141
100  147
101  156
102  162
103  169
104  175
105  184
106  188
107  195
108  204
109  208
110  218
111  224
112  229
113  239
114  244
115  250
116  259
117  265
118  273
119  278
120  286
121  292
122  300
123  306
124  314
125  320
126  328
127  332
128  343
129  347
130  354
131  362
132  368
133  373
134  379
135  388
136  394
137  401
138  406
139  414
140  421
141  427
142  435
143  442
144  449
145  457
146  460
147  468
148  476
149  482
150  488
151  496
152  504
153  508
154  515
155  522
156  529
157  534
158  541
159  544
160  552
161  553
162  559
163  565
164  568
165  574
166  576
167  580
168  581
169  584
170  586
171  586
172  586
173  586
174  586
175  587
176  584
177  588
178  585
179  586
