1  -584
2  -583
3  -583
4  -583
5  -586
6  -582
7  -590
8  -584
9  -588
10  -590
11  -589
12  -586
13  -590
14  -586
15  -588
16  -577
17  -582
18  -569
19  -570
20  -558
21  -559
22  -546
23  -544
24  -536
25  -530
26  -525
27  -515
28  -514
29  -500
30  -498
31  -488
32  -484
33  -477
34  -464
35  -464
36  -450
37  -442
38  -440
39  -431
40  -425
41  -420
42  -406
43  -402
44  -398
45  -386
46  -386
47  -380
48  -368
49  -363
50  -359
51  -350
52  -338
53  -337
54  -331
55  -318
56  -314
57  -310
58  -301
59  -291
60  -286
61  -286
62  -274
63  -264
64  -256
65  -251
66  -245
67  -236
68  -227
69  -219
70  -215
71  -209
72  -204
73  -196
74  -184
75  -179
76  -172
77  -169
78  -162
79  -152
80  -148
81  -136
82  -128
83  -124
84  -115
85  -110
86  -105
87  -32
88  0
89  0
90  0
91  0
92  0
93  0
94  0
95  0
96  0
97  74
98  97
99  105
100  114
101  121
102  128
103  136
104  145
105  150
106  157
107  163
108  166
109  174
110  180
111  188
112  196
113  201
114  207
115  209
116  215
117  227
118  232
119  242
120  242
121  245
122  256
123  262
124  269
125  271
126  278
127  287
128  295
129  296
130  304
131  318
132  322
133  327
134  336
135  347
136  349
137  354
138  367
139  371
140  372
141  383
142  392
143  392
144  400
145  406
146  407
147  415
148  426
149  427
150  438
151  443
152  449
153  466
154  463
155  473
156  483
157  484
158  497
159  498
160  511
161  516
162  521
163  533
164  532
165  548
166  544
167  552
168  551
169  559
170  560
171  559
172  562
173  559
174  565
175  561
176  567
177  564
178  571
179  567