1  -490
2  -474
3  -479
4  -475
5  -472
6  -479
7  -474
8  -481
9  -478
10  -476
11  -483
12  -475
13  -480
14  -482
15  -478
16  -481
17  -473
18  -476
19  -473
20  -468
21  -474
22  -462
23  -462
24  -463
25  -452
26  -456
27  -450
28  -446
29  -446
30  -436
31  -435
32  -436
33  -424
34  -428
35  -424
36  -418
37  -416
38  -407
39  -399
40  -398
41  -390
42  -382
43  -388
44  -379
45  -370
46  -372
47  -364
48  -350
49  -360
50  -350
51  -350
52  -338
53  -338
54  -330
55  -319
56  -317
57  -316
58  -314
59  -302
60  -299
61  -295
62  -284
63  -274
64  -269
65  -266
66  -260
67  -250
68  -240
69  -234
70  -232
71  -225
72  -214
73  -205
74  -197
75  -195
76  -191
77  -186
78  -178
79  -168
80  -160
81  -153
82  -149
83  -144
84  -136
85  -130
86  -120
87  -112
88  -32
89  0
90  0
91  0
92  0
93  0
94  0
95  0
96  0
97  0
98  88
99  115
100  123
101  132
102  139
103  144
104  148
105  154
106  162
107  170
108  178
109  185
110  193
111  198
112  204
113  210
114  216
115  225
116  233
117  236
118  244
119  253
120  262
121  265
122  270
123  278
124  288
125  296
126  299
127  309
128  319
129  325
130  331
131  340
132  350
133  354
134  361
135  372
136  378
137  382
138  392
139  400
140  405
141  416
142  422
143  426
144  438
145  442
146  446
147  458
148  458
149  468
150  474
151  476
152  490
153  490
154  498
155  502
156  508
157  516
158  516
159  526
160  526
161  533
162  537
163  543
164  549
165  551
166  559
167  558
168  564
169  562
170  570
171  564
172  569
173  566
174  569
175  566
176  568
177  568
178  567
179  569