1  -578
2  -575
3  -578
4  -578
5  -576
6  -580
7  -577
8  -580
9  -574
10  -581
11  -575
12  -580
13  -574
14  -581
15  -573
16  -579
17  -570
18  -576
19  -564
20  -566
21  -557
22  -558
23  -551
24  -549
25  -541
26  -531
27  -530
28  -522
29  -520
30  -509
31  -508
32  -502
33  -492
34  -493
35  -479
36  -479
37  -469
38  -462
39  -462
40  -446
41  -445
42  -438
43  -428
44  -426
45  -418
46  -409
47  -406
48  -399
49  -389
50  -387
51  -378
52  -367
53  -367
54  -361
55  -347
56  -343
57  -341
58  -330
59  -321
60  -320
61  -312
62  -302
63  -292
64  -292
65  -284
66  -274
67  -265
68  -260
69  -257
70  -248
71  -239
72  -231
73  -227
74  -224
75  -216
76  -208
77  -197
78  -193
79  -188
80  -184
81  -176
82  -168
83  -158
84  -151
85  -146
86  -141
87  -136
88  -51
89  0
90  0
91  0
92  0
93  0
94  0
95  0
96  0
97  0
98  102
99  130
100  133
101  139
102  146
103  155
104  163
105  168
106  177
107  181
108  186
109  192
110  202
111  208
112  216
113  224
114  224
115  231
116  239
117  248
118  256
119  258
120  266
121  274
122  283
123  288
124  292
125  302
126  311
127  314
128  319
129  329
130  338
131  340
132  348
133  358
134  363
135  367
136  380
137  384
138  388
139  399
140  405
141  406
142  418
143  423
144  424
145  438
146  441
147  445
148  458
149  461
150  470
151  476
152  480
153  494
154  492
155  505
156  510
157  515
158  526
159  526
160  542
161  538
162  553
163  552
164  562
165  564
166  571
167  575
168  577
169  582
170  583
171  588
172  586
173  589
174  588
175  589
176  586
177  591
178  585
179  590