1  -1247
2  -1248
3  -1247
4  -1247
5  -1246
6  -1246
7  -1247
8  -1249
9  -1248
10  -1250
11  -1248
12  -1248
13  -1249
14  -1248
15  -1242
16  -1236
17  -1227
18  -1219
19  -1208
20  -1192
21  -1182
22  -1166
23  -1151
24  -1136
25  -1123
26  -1108
27  -1090
28  -1079
29  -1063
30  -1047
31  -1033
32  -1020
33  -1007
34  -990
35  -977
36  -964
37  -948
38  -934
39  -920
40  -907
41  -892
42  -876
43  -864
44  -849
45  -836
46  -822
47  -808
48  -795
49  -776
50  -765
51  -749
52  -730
53  -722
54  -702
55  -692
56  -678
57  -660
58  -650
59  -630
60  -623
61  -601
62  -588
63  -572
64  -558
65  -543
66  -529
67  -516
68  -499
69  -485
70  -470
71  -458
72  -436
73  -426
74  -414
75  -399
76  -383
77  -376
78  -357
79  -339
80  -333
81  -317
82  -303
83  -288
84  -274
85  -264
86  -248
87  -34
88  0
89  0
90  0
91  0
92  0
93  0
94  0
95  0
96  0
97  213
98  245
99  262
100  276
101  290
102  307
103  317
104  333
105  345
106  361
107  375
108  386
109  404
110  414
111  430
112  442
113  455
114  473
115  485
116  498
117  514
118  526
119  543
120  554
121  567
122  580
123  598
124  612
125  626
126  643
127  655
128  669
129  687
130  698
131  713
132  728
133  741
134  755
135  769
136  785
137  796
138  812
139  828
140  842
141  854
142  867
143  880
144  894
145  910
146  927
147  937
148  952
149  969
150  982
151  996
152  1010
153  1026
154  1038
155  1054
156  1069
157  1081
158  1096
159  1108
160  1125
161  1142
162  1154
163  1169
164  1180
165  1194
166  1202
167  1214
168  1218
169  1221
170  1228
171  1226
172  1228
173  1227
174  1226
175  1226
176  1228
177  1226
178  1226
179  1227