1  -1142
2  -1140
3  -1142
4  -1136
5  -1138
6  -1137
7  -1138
8  -1140
9  -1138
10  -1138
11  -1136
12  -1139
13  -1142
14  -1142
15  -1143
16  -1144
17  -1143
18  -1145
19  -1143
20  -1144
21  -1146
22  -1142
23  -1144
24  -1144
25  -1144
26  -1144
27  -1142
28  -1144
29  -1140
30  -1141
31  -1141
32  -1141
33  -1142
34  -1140
35  -1142
36  -1140
37  -1142
38  -1140
39  -1140
40  -1140
41  -1137
42  -1140
43  -1139
44  -1140
45  -1140
46  -1138
47  -1138
48  -1141
49  -1141
50  -1140
51  -1142
52  -1140
53  -1138
54  -1140
55  -1143
56  -1129
57  -1103
58  -1076
59  -1042
60  -1014
61  -982
62  -948
63  -906
64  -883
65  -846
66  -814
67  -784
68  -749
69  -718
70  -671
71  -653
72  -612
73  -584
74  -570
75  -364
76  -8
77  0
78  0
79  0
80  0
81  0
82  0
83  0
84  0
85  0
86  0
87  0
88  0
89  0
90  0
91  0
92  0
93  0
94  0
95  0
96  0
97  0
98  0
99  0
100  0
101  0
102  0
103  0
104  0
105  0
106  0
107  0
108  0
109  0
110  0
111  0
112  0
113  538
114  616
115  650
116  679
117  711
118  752
119  786
120  814
121  847
122  879
123  910
124  941
125  983
126  1008
127  1037
128  1072
129  1110
130  1132
131  1142
132  1140
133  1138
134  1136
135  1139
136  1137
137  1136
138  1138
139  1137
140  1137
141  1136
142  1138
143  1140
144  1138
145  1140
146  1138
147  1140
148  1139
149  1139
150  1139
151  1138
152  1138
153  1138
154  1138
155  1137
156  1138
157  1137
158  1138
159  1136
160  1142
161  1141
162  1138
163  1140
164  1137
165  1138
166  1137
167  1141
168  1139
169  1139
170  1139
171  1138
172  1140
173  1137
174  1140
175  1140
176  1140
177  1143
178  1139
179  1141