1  -1109
2  -1112
3  -1116
4  -1116
5  -1120
6  -1120
7  -1121
8  -1122
9  -1121
10  -1125
11  -1125
12  -1127
13  -1132
14  -1137
15  -1131
16  -1125
17  -1118
18  -1107
19  -1100
20  -1086
21  -1081
22  -1069
23  -1060
24  -1052
25  -1044
26  -1028
27  -1015
28  -1011
29  -990
30  -980
31  -971
32  -956
33  -951
34  -933
35  -926
36  -917
37  -901
38  -890
39  -876
40  -871
41  -856
42  -842
43  -832
44  -820
45  -807
46  -799
47  -784
48  -772
49  -757
50  -746
51  -736
52  -723
53  -710
54  -700
55  -689
56  -673
57  -665
58  -645
59  -637
60  -624
61  -612
62  -597
63  -577
64  -572
65  -562
66  -542
67  -526
68  -520
69  -514
70  -481
71  -483
72  -471
73  -458
74  -445
75  -428
76  -418
77  -401
78  -388
79  -374
80  -362
81  -347
82  -331
83  -320
84  -304
85  -292
86  -280
87  -264
88  -46
89  0
90  0
91  0
92  0
93  0
94  0
95  0
96  0
97  0
98  230
99  271
100  285
101  297
102  313
103  327
104  338
105  353
106  367
107  383
108  394
109  410
110  425
111  439
112  453
113  464
114  483
115  497
116  510
117  527
118  537
119  556
120  568
121  582
122  590
123  610
124  628
125  638
126  654
127  666
128  682
129  698
130  708
131  726
132  737
133  753
134  764
135  781
136  796
137  808
138  824
139  836
140  852
141  848
142  804
143  824
144  840
145  855
146  868
147  890
148  893
149  903
150  919
151  929
152  943
153  958
154  968
155  981
156  994
157  1002
158  1018
159  1032
160  1038
161  1054
162  1066
163  1081
164  1093
165  1104
166  1115
167  1126
168  1134
169  1144
170  1152
171  1160
172  1160
173  1161
174  1162
175  1166
176  1167
177  1163
178  1165
179  1167
