1  1014
2  1024
3  1025
4  1035
5  1029
6  1009
7  992
8  993
9  1017
10  1031
11  1030
12  1044
13  1056
14  1050
15  1038
16  1022
17  1028
18  1012
19  1006
20  1028
21  1039
22  1026
23  1021
24  1009
25  1002
26  994
27  976
28  966
29  960
30  951
31  944
32  932
33  916
34  913
35  905
36  890
37  888
38  864
39  865
40  841
41  836
42  850
43  830
44  814
45  809
46  798
47  782
48  777
49  756
50  741
51  736
52  720
53  706
54  695
55  685
56  678
57  654
58  654
59  627
60  626
61  601
62  594
63  573
64  568
65  546
66  540
67  519
68  511
69  490
70  478
71  469
72  448
73  438
74  422
75  404
76  398
77  386
78  368
79  356
80  350
81  328
82  317
83  309
84  292
85  278
86  261
87  254
88  41
89  0
90  0
91  0
92  0
93  0
94  0
95  0
96  0
97  -206
98  -250
99  -262
100  -274
101  -292
102  -302
103  -312
104  -330
105  -344
106  -356
107  -364
108  -383
109  -393
110  -402
111  -426
112  -439
113  -454
114  -472
115  -481
116  -501
117  -510
118  -524
119  -543
120  -551
121  -574
122  -582
123  -600
124  -604
125  -624
126  -628
127  -648
128  -658
129  -672
130  -686
131  -696
132  -712
133  -723
134  -741
135  -754
136  -763
137  -785
138  -792
139  -806
140  -829
141  -836
142  -850
143  -868
144  -884
145  -898
146  -906
147  -928
148  -942
149  -955
150  -968
151  -980
152  -1001
153  -1011
154  -1026
155  -1040
156  -1052
157  -1066
158  -1083
159  -1096
160  -1111
161  -1111
162  -1080
163  -1099
164  -1113
165  -1122
166  -1136
167  -1148
168  -1154
169  -1164
170  -1173
171  -1172
172  -1176
173  -1177
174  -1174
175  -1174
176  -1176
177  -1181
178  -1178
179  -1177