1  1083
2  1080
3  1079
4  1076
5  1074
6  1076
7  1078
8  1074
9  1072
10  1071
11  1070
12  1072
13  1071
14  1068
15  1059
16  1051
17  1040
18  1033
19  1022
20  1010
21  998
22  985
23  969
24  956
25  952
26  943
27  937
28  927
29  914
30  910
31  902
32  892
33  880
34  869
35  866
36  849
37  839
38  827
39  813
40  800
41  790
42  779
43  765
44  757
45  739
46  729
47  721
48  705
49  698
50  682
51  675
52  667
53  656
54  654
55  633
56  622
57  612
58  600
59  586
60  576
61  566
62  562
63  546
64  538
65  529
66  520
67  515
68  491
69  486
70  464
71  454
72  449
73  424
74  418
75  404
76  386
77  376
78  363
79  344
80  334
81  321
82  306
83  288
84  282
85  267
86  255
87  36
88  0
89  0
90  3
91  0
92  0
93  0
94  0
95  0
96  0
97  -214
98  -256
99  -266
100  -279
101  -295
102  -312
103  -328
104  -334
105  -352
106  -366
107  -378
108  -394
109  -408
110  -422
111  -434
112  -451
113  -462
114  -478
115  -492
116  -504
117  -518
118  -527
119  -545
120  -556
121  -572
122  -580
123  -603
124  -610
125  -632
126  -639
127  -659
128  -666
129  -685
130  -696
131  -706
132  -726
133  -734
134  -754
135  -767
136  -775
137  -795
138  -802
139  -812
140  -833
141  -845
142  -858
143  -872
144  -887
145  -901
146  -903
147  -925
148  -936
149  -950
150  -961
151  -971
152  -990
153  -1002
154  -1016
155  -1030
156  -1040
157  -1050
158  -1062
159  -1073
160  -1086
161  -1097
162  -1112
163  -1122
164  -1132
165  -1142
166  -1148
167  -1155
168  -1161
169  -1164
170  -1168
171  -1169
172  -1169
173  -1167
174  -1168
175  -1166
176  -1168
177  -1169
178  -1166
179  -1168