1  1167
2  1166
3  1169
4  1167
5  1167
6  1164
7  1167
8  1168
9  1168
10  1169
11  1168
12  1168
13  1168
14  1170
15  1167
16  1164
17  1159
18  1151
19  1150
20  1142
21  1134
22  1124
23  1114
24  1103
25  1094
26  1086
27  1076
28  1068
29  1052
30  1041
31  1027
32  1018
33  1004
34  994
35  979
36  964
37  955
38  942
39  932
40  914
41  904
42  891
43  875
44  862
45  848
46  838
47  820
48  806
49  797
50  777
51  768
52  754
53  734
54  724
55  710
56  696
57  684
58  662
59  656
60  637
61  629
62  611
63  600
64  583
65  572
66  554
67  548
68  522
69  520
70  498
71  488
72  481
73  459
74  451
75  429
76  419
77  410
78  392
79  378
80  372
81  352
82  334
83  327
84  315
85  293
86  283
87  70
88  0
89  0
90  0
91  0
92  0
93  0
94  0
95  0
96  0
97  -234
98  -268
99  -286
100  -304
101  -312
102  -324
103  -342
104  -355
105  -366
106  -381
107  -399
108  -404
109  -420
110  -440
111  -446
112  -465
113  -475
114  -488
115  -506
116  -513
117  -534
118  -541
119  -561
120  -570
121  -588
122  -602
123  -614
124  -631
125  -641
126  -652
127  -671
128  -679
129  -700
130  -706
131  -726
132  -739
133  -753
134  -772
135  -782
136  -796
137  -810
138  -824
139  -840
140  -856
141  -868
142  -882
143  -895
144  -909
145  -924
146  -932
147  -948
148  -964
149  -980
150  -989
151  -1002
152  -1018
153  -1032
154  -1046
155  -1059
156  -1076
157  -1085
158  -1096
159  -1109
160  -1122
161  -1134
162  -1143
163  -1153
164  -1162
165  -1170
166  -1178
167  -1182
168  -1188
169  -1192
170  -1196
171  -1195
172  -1195
173  -1194
174  -1194
175  -1193
176  -1190
177  -1192
178  -1190
179  -1192