1  -591
2  -592
3  -593
4  -593
5  -591
6  -594
7  -593
8  -593
9  -592
10  -594
11  -592
12  -594
13  -592
14  -594
15  -594
16  -590
17  -590
18  -586
19  -582
20  -582
21  -576
22  -573
23  -566
24  -561
25  -556
26  -549
27  -546
28  -540
29  -533
30  -526
31  -522
32  -520
33  -510
34  -507
35  -500
36  -495
37  -490
38  -482
39  -477
40  -468
41  -462
42  -455
43  -446
44  -442
45  -434
46  -426
47  -420
48  -412
49  -408
50  -399
51  -392
52  -386
53  -378
54  -371
55  -363
56  -357
57  -349
58  -342
59  -334
60  -330
61  -323
62  -315
63  -308
64  -302
65  -293
66  -287
67  -280
68  -274
69  -266
70  -258
71  -251
72  -248
73  -239
74  -233
75  -226
76  -217
77  -212
78  -205
79  -198
80  -192
81  -186
82  -176
83  -170
84  -164
85  -159
86  -151
87  -82
88  -2
89  0
90  0
91  0
92  0
93  0
94  0
95  0
96  0
97  111
98  141
99  147
100  154
101  162
102  167
103  177
104  182
105  189
106  193
107  202
108  208
109  216
110  224
111  228
112  236
113  243
114  251
115  258
116  263
117  271
118  277
119  285
120  293
121  297
122  306
123  314
124  320
125  326
126  334
127  341
128  347
129  355
130  360
131  368
132  375
133  382
134  388
135  396
136  402
137  409
138  417
139  424
140  429
141  437
142  445
143  451
144  458
145  465
146  469
147  476
148  485
149  493
150  500
151  506
152  512
153  518
154  524
155  532
156  539
157  545
158  550
159  556
160  563
161  568
162  572
163  578
164  581
165  584
166  588
167  593
168  594
169  597
170  599
171  599
172  599
173  600
174  600
175  600
176  598
177  600
178  599
179  598